99,100
99,101
99,102
99,103
99,104
99,105
99,132
99,107
99,108
99,109
99,110
99,115
99,119
99,121
99,133
100,101
100,102
100,104
100,108
100,109
100,112
9,10
9,11
9,12
9,13
9,14
9,15
9,22
9,25
101,132
101,102
101,104
101,105
101,106
101,107
101,109
102,103
102,104
102,105
102,106
102,107
102,108
102,109
102,110
102,112
102,121
102,122
102,127
103,104
103,105
103,106
103,108
103,109
103,144
103,121
104,105
104,108
104,109
104,112
104,146
104,121
105,106
105,115
105,108
105,109
106,107
106,108
106,109
106,135
107,121
107,123
107,108
107,110
108,132
108,109
108,110
108,119
108,121
109,130
109,139
110,111
10,11
10,12
10,13
10,14
10,15
10,47
10,22
10,25
10,31
111,128
111,129
111,131
111,166
111,167
111,170
111,139
111,171
111,187
111,112
111,113
111,114
111,176
111,119
111,121
111,186
111,123
111,124
111,189
112,131
112,132
112,133
112,167
112,168
112,170
112,171
112,187
112,174
112,113
112,114
112,119
112,121
112,186
112,123
112,124
113,145
113,114
114,131
114,135
114,170
114,176
114,145
114,182
114,187
114,189
114,126
115,120
115,137
115,128
115,135
116,130
116,131
116,146
116,147
116,163
116,167
116,168
116,170
116,177
116,181
116,186
116,187
116,213
116,225
116,232
116,117
116,120
116,121
116,123
116,125
116,126
117,128
117,129
117,131
117,132
117,133
117,135
117,143
117,145
117,119
117,120
117,121
117,122
117,123
117,124
117,125
117,126
117,127
119,128
119,129
119,162
119,132
119,133
119,165
119,167
119,139
119,140
119,120
119,121
119,122
119,123
119,124
119,125
119,126
119,127
120,128
120,129
120,130
120,131
120,133
120,139
120,141
120,143
120,144
120,121
120,122
120,123
120,124
120,126
0,1
0,4
0,5
0,49
0,50
11,35
11,12
11,13
11,15
11,16
11,19
11,22
11,25
121,128
121,129
121,130
121,131
121,132
121,133
121,160
121,167
121,155
121,143
121,122
121,123
121,124
121,125
121,126
121,127
122,128
122,159
122,130
122,131
122,133
122,139
122,145
122,123
122,124
122,125
122,126
122,127
123,128
123,129
123,130
123,131
123,132
123,143
123,148
123,124
123,125
123,126
124,128
124,129
124,132
124,143
124,145
124,213
124,214
124,125
124,126
124,127
125,128
125,129
125,130
125,132
125,133
125,166
125,142
125,145
125,126
125,127
126,128
126,129
126,130
126,131
126,132
126,127
127,128
127,129
127,132
127,133
127,135
127,145
128,129
128,132
128,133
128,143
128,145
129,131
129,133
130,131
12,34
12,13
12,14
12,15
12,48
12,17
12,22
12,25
131,227
131,132
131,133
131,134
131,167
131,229
131,139
131,245
131,221
131,187
131,188
131,189
132,133
132,167
133,170
133,142
133,207
136,144
136,137
136,165
136,143
137,144
137,145
137,141
137,143
138,144
138,139
138,140
138,141
139,140
139,141
139,143
139,144
139,145
139,186
139,189
140,165
140,141
140,143
13,18
13,22
13,14
13,15
141,145
141,146
141,165
141,142
142,145
142,167
142,143
143,145
143,146
143,167
144,145
145,146
145,164
146,160
146,224
146,234
146,214
146,217
146,221
146,191
147,148
147,149
147,150
147,151
147,152
147,153
147,154
147,155
147,156
147,157
147,158
147,159
147,160
147,161
147,163
147,164
147,168
147,169
147,170
147,172
147,173
147,174
147,176
147,177
147,178
147,180
147,181
147,182
147,187
147,218
148,160
148,163
148,164
148,165
148,166
148,170
148,171
148,149
148,150
148,151
148,152
148,153
148,154
148,155
148,156
148,157
148,159
149,160
149,163
149,150
149,151
149,152
149,153
149,154
149,155
149,157
149,158
149,159
150,160
150,164
150,203
150,176
150,182
150,151
150,153
150,154
150,156
150,159
14,15
151,160
151,161
151,163
151,164
151,152
151,153
151,154
151,155
151,156
151,157
151,158
151,159
152,160
152,161
152,163
152,164
152,176
152,180
152,153
152,154
152,155
152,157
152,158
152,159
153,160
153,161
153,192
153,163
153,164
153,168
153,174
153,176
153,178
153,182
153,154
153,155
153,156
153,157
153,158
153,159
154,160
154,161
154,164
154,180
154,155
154,156
154,157
154,158
154,159
155,160
155,161
155,223
155,163
155,164
155,176
155,178
155,180
155,182
155,218
155,157
155,158
155,159
156,160
156,161
156,164
156,198
156,168
156,169
156,172
156,173
156,157
156,158
156,159
157,160
157,161
157,163
157,164
157,180
157,158
157,159
158,160
158,161
158,163
158,159
159,160
159,161
159,163
159,180
160,161
160,162
160,163
160,164
160,168
160,172
160,173
160,174
160,177
160,211
160,180
160,213
160,182
160,214
160,217
160,187
160,191
15,32
15,34
15,35
15,16
15,18
15,22
161,180
161,163
161,164
162,192
162,193
162,197
162,198
162,201
162,205
162,175
162,243
162,214
162,246
162,190
162,191
163,164
163,165
163,173
163,177
163,180
163,181
163,182
163,183
164,170
164,172
164,173
164,206
164,176
164,180
164,182
164,218
165,173
165,206
165,187
165,189
165,254
166,186
166,171
166,189
166,167
167,186
167,189
168,169
168,170
168,171
168,172
168,173
168,174
168,175
168,176
168,178
168,179
168,180
168,181
168,182
168,183
168,184
169,170
169,172
169,173
169,174
169,175
169,176
169,177
169,178
169,179
169,180
169,181
169,182
170,227
170,232
170,171
170,172
170,173
170,174
170,237
170,176
170,178
170,211
170,180
170,213
170,183
170,217
170,222
170,223
16,17
16,18
16,19
16,22
171,232
171,202
171,172
171,174
171,176
171,214
172,234
172,173
172,174
172,175
172,176
172,177
172,178
172,180
172,181
172,182
172,183
172,184
173,174
173,175
173,176
173,177
173,178
173,180
173,181
173,182
173,183
173,184
173,223
174,205
174,175
174,176
174,177
174,178
174,180
174,182
174,183
174,218
175,192
175,176
175,177
175,178
175,179
175,180
175,181
175,182
175,183
175,218
176,177
176,178
176,180
176,181
176,182
176,183
177,178
177,179
177,180
177,182
177,183
177,184
178,231
178,179
178,180
178,181
178,182
178,184
178,250
178,252
178,253
178,254
179,180
179,205
179,182
179,183
180,197
180,198
180,199
180,201
180,206
180,207
180,181
180,182
180,183
180,184
180,186
17,18
17,19
181,205
181,182
182,218
182,210
182,183
185,186
186,242
186,244
186,189
187,258
187,285
187,229
187,263
187,264
187,297
187,299
187,269
187,270
187,271
187,307
187,308
187,213
187,214
187,189
187,282
187,283
187,188
187,221
187,286
189,241
189,227
190,192
190,193
190,214
190,216
190,191
18,37
18,73
18,41
18,74
18,75
18,76
18,19
191,192
191,193
191,258
191,201
191,211
191,212
191,246
191,216
191,251
192,193
192,197
192,198
192,200
192,201
192,243
192,213
192,311
193,199
193,203
193,206
193,243
193,246
193,218
194,256
194,257
194,258
194,259
194,260
194,261
194,262
194,263
194,264
194,265
194,266
194,276
194,277
194,282
194,286
194,290
194,291
194,298
194,322
194,195
194,196
194,197
194,198
194,199
194,201
194,203
194,204
194,205
194,206
194,209
194,214
194,215
194,217
194,218
194,225
194,228
194,230
194,234
194,235
194,236
194,237
194,240
194,247
195,196
195,197
195,198
195,199
195,200
195,201
195,203
195,204
195,205
195,206
195,208
195,214
195,218
195,226
195,228
195,230
195,231
195,235
195,236
195,238
195,240
196,197
196,198
196,199
196,200
196,201
196,203
196,204
196,205
196,206
196,215
196,218
196,226
196,228
196,230
196,231
196,232
196,234
196,235
196,237
196,238
196,239
196,240
196,247
197,226
197,198
197,199
197,200
197,201
197,230
197,203
197,204
197,205
197,206
197,231
197,235
197,236
197,237
197,238
197,239
197,240
197,247
197,218
197,221
198,226
198,227
198,228
198,230
198,199
198,200
198,201
198,234
198,203
198,204
198,205
198,206
198,235
198,236
198,237
198,238
198,239
198,217
198,218
198,254
199,230
199,200
199,201
199,232
199,203
199,204
199,205
199,206
199,239
199,243
199,218
200,228
200,201
200,234
200,203
200,205
200,206
200,239
200,240
200,218
201,231
201,203
201,204
201,205
201,206
201,236
201,208
201,237
201,210
201,239
201,212
201,214
201,218
203,226
203,227
203,229
203,230
203,204
203,206
203,246
203,218
204,205
204,206
204,238
204,208
204,218
205,230
205,236
205,237
205,206
205,238
205,239
205,209
205,213
205,214
205,218
206,225
206,230
206,231
206,232
206,234
206,237
206,238
206,240
206,213
206,218
207,226
207,208
207,209
207,210
207,211
207,212
207,213
207,214
207,241
207,242
207,217
208,226
208,209
208,210
208,211
208,212
208,241
208,242
208,246
208,249
208,251
209,228
209,229
209,241
209,210
209,211
209,212
209,213
209,242
209,246
209,217
209,218
1,5
1,38
1,39
1,69
1,71
1,107
1,49
210,226
210,241
210,242
210,211
210,212
210,214
20,21
211,230
211,241
211,242
211,243
211,212
212,241
212,218
212,242
212,229
213,216
213,217
213,214
213,223
214,243
214,216
214,217
214,218
214,219
215,256
215,257
215,258
215,259
215,260
215,261
215,263
215,264
215,239
215,280
215,287
216,217
216,243
216,220
217,218
217,244
217,220
217,228
218,226
218,228
218,229
218,230
218,231
218,235
218,237
218,239
218,240
218,250
218,221
219,220
220,229
220,234
220,267
220,269
220,241
220,248
220,222
221,243
221,254
222,227
222,232
222,236
222,239
222,242
222,223
223,227
223,236
223,229
223,239
224,225
224,226
224,227
224,228
224,229
224,232
224,233
224,234
224,235
224,236
224,237
224,238
224,239
224,240
225,226
225,227
225,228
225,229
225,230
225,231
225,232
225,234
225,236
225,237
225,238
225,240
226,227
226,228
226,230
226,231
226,232
226,234
226,235
226,236
226,237
226,238
226,239
226,240
227,320
227,228
227,229
227,330
227,271
227,342
227,318
228,229
228,230
228,231
228,232
228,233
228,234
228,235
228,236
228,237
228,238
228,239
228,240
228,249
229,352
229,259
229,359
229,360
229,361
229,330
229,269
229,238
229,271
229,333
229,241
229,334
229,335
229,244
230,231
230,232
230,233
230,234
230,235
230,236
230,237
230,238
230,239
230,240
230,243
231,232
231,233
231,234
231,235
231,236
231,237
231,238
231,239
231,240
231,244
231,250
231,254
232,234
232,235
232,236
232,237
232,238
232,239
232,246
232,247
233,234
233,235
233,236
233,237
233,238
233,239
234,256
234,257
234,258
234,259
234,260
234,261
234,262
234,263
234,264
234,265
234,269
234,286
234,287
234,290
234,291
234,293
234,295
234,298
234,312
234,313
234,236
234,237
234,238
234,239
234,240
234,243
234,246
235,236
235,237
235,238
235,239
236,237
236,238
236,239
236,240
236,247
236,249
237,238
237,239
238,240
238,239
239,240
239,243
239,245
241,242
241,243
241,244
23,24
23,70
23,72
23,46
242,248
243,263
243,246
243,247
243,251
243,254
244,249
244,251
244,254
246,249
246,251
246,286
246,247
247,276
248,256
248,293
248,301
248,249
248,251
248,255
249,256
249,251
250,252
250,253
251,256
251,255
24,29
24,31
252,253
254,264
256,257
256,258
256,259
256,260
256,261
256,262
256,263
256,264
256,265
256,266
256,280
256,281
256,286
256,287
256,290
256,291
256,294
256,295
256,296
256,299
256,311
256,313
257,258
257,259
257,260
257,261
257,262
257,263
257,264
257,265
257,266
257,267
257,291
257,293
257,297
257,298
257,313
257,280
257,281
257,282
257,283
257,287
258,259
258,260
258,261
258,262
258,263
258,264
258,265
258,266
258,291
258,292
258,293
258,294
258,295
258,296
258,298
258,280
258,313
258,284
259,291
259,260
259,261
259,262
259,263
259,264
259,265
259,266
259,292
259,293
259,294
259,296
259,298
259,276
259,281
259,282
259,284
259,286
260,289
260,290
260,292
260,261
260,262
260,263
260,264
260,265
260,266
260,267
260,293
260,269
260,295
260,296
260,297
260,298
260,299
260,280
260,314
260,287
261,292
261,262
261,263
261,264
261,265
261,266
261,294
261,298
261,299
261,300
261,313
261,281
261,282
261,283
261,287
25,31
262,290
262,291
262,263
262,264
262,265
262,266
262,296
262,299
262,271
262,304
262,306
262,286
262,287
263,291
263,294
263,295
263,264
263,265
263,266
263,297
263,298
263,299
263,300
263,271
263,307
263,308
263,277
263,280
263,281
264,265
264,266
264,273
264,280
264,282
264,287
264,290
264,291
264,292
264,293
264,295
264,297
264,298
264,300
264,306
264,307
264,311
264,313
264,320
264,325
264,326
265,292
265,293
265,295
265,296
265,266
265,287
266,291
266,293
266,296
266,297
266,298
266,281
267,291
267,268
267,269
267,270
267,287
268,269
268,270
269,291
269,276
269,293
269,270
271,384
271,284
271,289
271,290
271,293
271,296
271,304
271,305
271,306
271,311
271,313
271,317
271,318
271,320
271,323
271,326
271,327
271,330
271,332
271,335
271,337
271,338
271,339
271,340
271,344
271,345
271,346
271,347
271,350
271,353
271,354
271,355
271,356
271,357
271,358
271,364
271,368
271,370
271,372
271,375
271,376
271,378
26,40
26,43
26,27
26,28
26,29
272,273
272,274
272,277
272,314
272,285
273,274
273,308
273,277
274,285
274,307
274,300
274,277
275,285
275,276
275,277
276,285
276,307
276,277
277,314
277,308
277,285
277,302
278,294
278,299
278,307
278,279
278,316
279,320
279,292
279,293
279,296
279,307
279,280
279,283
279,316
280,290
280,291
280,292
280,293
280,294
280,295
280,313
280,297
280,298
280,300
280,281
280,282
280,283
280,284
280,286
280,287
281,290
281,291
281,292
281,293
281,294
281,295
281,296
281,297
281,298
281,299
281,300
281,313
281,282
281,283
281,284
281,286
281,287
27,40
27,41
27,43
27,46
27,51
27,28
27,29
282,290
282,291
282,292
282,293
282,294
282,295
282,296
282,297
282,298
282,323
282,300
282,313
282,283
282,284
282,286
282,287
283,290
283,291
283,292
283,293
283,294
283,295
283,296
283,297
283,298
283,299
283,300
283,304
283,313
283,284
283,286
283,287
284,290
284,291
284,292
284,293
284,294
284,295
284,296
284,297
284,298
284,299
284,300
284,308
284,286
284,287
285,314
286,290
286,291
286,292
286,293
286,294
286,295
286,296
286,297
286,298
286,299
286,300
286,303
286,313
286,287
287,290
287,291
287,292
287,293
287,294
287,295
287,296
287,297
287,298
287,299
287,300
287,302
287,303
287,304
287,313
288,289
288,300
290,322
290,291
290,292
290,293
290,294
290,295
290,296
290,297
290,298
290,299
290,300
290,313
291,323
291,292
291,293
291,294
291,295
291,296
291,297
291,298
291,299
291,300
291,306
291,311
291,313
28,43
28,29
292,293
292,294
292,295
292,296
292,297
292,298
292,299
292,300
292,304
292,308
292,313
293,294
293,295
293,296
293,297
293,298
293,299
293,300
293,301
293,313
294,295
294,296
294,297
294,298
294,300
294,301
294,313
295,296
295,297
295,298
295,299
295,300
295,311
295,313
296,297
296,298
296,299
296,306
296,311
296,313
297,298
297,299
297,300
297,313
297,317
298,313
298,299
298,300
298,311
301,310
301,369
301,302
301,335
29,31
302,310
303,324
303,304
303,305
303,306
303,307
303,308
303,311
304,324
304,305
304,306
304,307
304,308
304,309
304,311
305,320
305,323
305,306
305,307
305,308
305,309
305,311
305,319
306,322
306,324
306,307
306,308
306,309
306,311
306,318
307,308
307,317
307,316
307,311
308,313
308,323
308,311
309,324
309,311
2,3
2,4
2,7
2,8
2,41
2,11
2,15
311,322
311,324
30,49
30,31
314,315
314,316
314,317
314,324
315,316
315,317
316,324
316,318
317,352
317,385
317,388
317,327
317,328
317,377
317,370
317,340
317,375
317,376
317,345
317,378
317,379
317,380
317,381
317,382
317,383
318,320
318,321
318,324
318,319
319,320
319,321
320,321
31,40
31,49
31,50
31,43
323,324
325,353
325,326
325,329
325,330
325,333
325,371
325,372
326,329
326,330
326,331
326,332
326,365
326,367
326,336
326,337
326,368
326,370
327,385
327,328
327,338
327,379
327,375
327,376
327,377
327,378
327,347
327,380
327,381
327,382
327,383
328,358
328,365
328,339
328,340
328,375
328,376
328,377
328,378
328,379
328,380
328,381
328,383
329,360
329,330
329,331
329,332
329,333
329,362
329,337
329,371
329,372
329,348
330,331
330,332
330,333
330,340
330,349
331,355
331,356
331,357
331,360
331,332
331,333
331,335
331,372
331,350
332,360
332,362
332,333
332,334
332,337
332,339
332,371
332,372
332,343
332,349
32,33
32,34
32,35
32,36
32,68
32,62
333,359
333,360
333,361
333,337
333,339
334,385
334,386
334,355
334,388
334,360
334,361
334,394
334,366
334,335
334,336
334,337
334,398
334,399
334,403
334,341
334,373
334,374
335,337
335,366
336,337
336,354
336,358
338,355
338,358
338,366
338,339
338,340
338,341
338,342
338,343
338,344
338,345
338,348
338,349
339,352
339,358
339,364
339,366
339,371
339,340
339,341
339,342
339,344
339,347
339,348
339,349
340,353
340,354
340,376
340,366
340,367
340,381
340,371
340,341
340,342
340,343
340,344
340,378
340,348
340,349
341,348
341,349
341,342
342,349
342,343
33,34
33,35
343,354
343,366
343,367
343,401
343,350
344,384
344,385
344,386
344,387
344,390
344,393
344,399
344,345
344,346
344,347
344,350
344,351
344,353
344,354
344,355
344,356
344,357
344,358
344,363
344,364
344,373
345,384
345,385
345,355
345,356
345,357
345,358
345,393
345,368
345,370
345,377
345,346
345,347
346,353
346,354
346,355
346,356
346,357
346,358
346,363
346,364
346,365
346,347
346,350
347,353
347,354
347,355
347,356
347,357
347,358
347,360
347,363
347,364
347,367
347,370
347,350
347,351
348,366
348,367
350,353
350,354
350,355
350,356
350,357
350,358
350,364
350,351
351,354
351,355
351,356
351,357
351,358
351,363
352,355
352,358
352,359
352,360
352,361
352,362
352,366
352,367
352,370
34,50
34,35
353,354
353,355
353,356
353,357
353,358
353,362
353,363
353,364
353,368
354,355
354,356
354,357
354,358
354,364
355,356
355,357
355,358
355,360
355,364
355,365
355,368
356,363
356,357
356,358
357,362
357,364
357,358
358,384
358,361
358,362
358,363
358,364
358,368
358,373
358,375
358,378
358,379
359,360
359,361
359,362
360,361
360,362
360,366
361,362
362,366
35,65
35,50
35,43
365,370
365,366
366,385
366,387
366,391
366,395
366,399
366,405
366,406
366,407
366,377
368,370
368,375
36,64
36,99
36,37
36,38
36,39
36,40
36,41
36,42
36,43
36,70
36,47
36,48
36,49
36,50
36,61
370,387
370,392
370,401
370,402
370,406
370,377
370,383
371,399
371,372
371,375
372,373
372,399
373,385
373,387
373,388
373,398
373,402
373,374
373,407
373,378
373,379
373,380
374,384
374,388
374,398
374,399
374,376
374,378
374,379
375,385
375,376
375,377
375,378
375,379
375,380
375,381
375,382
375,383
376,377
376,378
376,379
376,380
376,381
376,382
376,383
377,385
377,386
377,388
377,392
377,378
377,379
377,380
377,381
377,382
377,383
378,385
378,379
378,380
378,381
378,383
379,380
379,381
379,382
379,383
37,99
37,38
37,39
37,71
37,41
37,73
37,108
37,44
37,77
37,50
37,94
380,381
380,382
380,383
381,383
382,383
383,388
384,385
384,388
384,390
384,393
384,399
385,386
385,388
385,392
385,394
385,399
386,388
386,394
386,399
386,403
386,409
388,389
388,391
388,392
388,398
388,399
388,402
388,403
388,406
388,407
388,408
388,409
390,393
392,401
392,394
392,398
38,64
38,69
38,39
38,40
38,41
38,42
38,44
38,46
38,47
38,57
38,63
395,407
396,404
396,397
396,398
396,399
398,399
398,401
398,402
398,403
398,406
398,407
399,400
399,403
399,407
399,408
399,409
400,405
400,407
401,402
401,404
402,403
402,405
402,406
403,409
403,404
403,406
403,407
39,83
39,50
39,51
39,84
404,405
405,406
406,407
3,89
3,11
3,7
40,70
40,41
40,42
40,43
40,44
40,76
40,50
40,51
40,53
40,54
40,56
40,91
41,66
41,99
41,70
41,71
41,104
41,72
41,42
41,43
41,44
41,73
41,76
41,50
41,53
41,87
41,55
41,57
41,59
41,92
41,61
42,104
42,43
42,44
42,53
42,87
42,92
43,68
43,70
43,72
43,74
43,44
43,76
43,77
43,86
43,91
44,73
44,50
45,49
45,53
45,46
46,69
46,72
46,74
46,77
46,49
46,50
46,54
47,79
47,48
47,49
47,50
47,80
48,50
48,77
49,132
49,135
49,141
49,142
49,143
49,164
49,167
49,168
49,170
49,171
49,172
49,173
49,174
49,175
49,176
49,177
49,178
49,50
49,57
49,187
49,73
49,74
49,116
49,122
49,125
50,132
50,135
50,140
50,141
50,142
50,143
50,153
50,163
50,164
50,167
50,172
50,175
50,177
50,51
50,182
50,56
50,186
50,187
50,189
50,190
50,63
50,64
50,65
50,66
50,70
50,71
50,73
50,204
50,222
50,99
50,111
50,239
50,116
50,124
50,126
4,5
4,6
4,8
4,10
4,11
4,15
4,18
52,53
52,54
53,73
53,54
53,63
54,73
54,74
54,62
54,63
55,73
55,74
55,77
55,143
55,112
55,111
55,80
55,56
55,57
55,124
56,57
56,114
56,69
57,131
57,170
57,171
57,77
57,143
57,112
57,123
57,189
58,75
58,59
58,60
58,61
58,62
59,64
59,77
59,60
59,61
59,62
5,6
5,8
5,10
5,11
5,13
60,69
60,61
60,62
61,62
62,74
62,69
63,64
63,68
63,109
63,111
63,112
65,160
65,66
65,99
65,67
65,167
65,71
65,73
65,145
65,151
66,67
66,169
66,73
66,75
66,76
66,207
66,209
66,210
66,180
67,79
68,80
68,79
69,70
69,71
69,72
69,105
69,73
69,77
69,86
69,87
70,96
70,71
70,104
70,73
70,72
70,83
70,84
70,86
70,87
6,36
6,47
6,50
6,20
6,21
71,72
71,121
71,77
71,73
72,121
72,114
72,86
72,127
73,101
73,104
73,74
73,75
73,76
73,77
73,80
73,85
73,86
74,75
74,76
74,77
74,80
74,93
74,94
75,80
75,76
75,77
75,84
76,80
76,77
77,80
77,86
78,79
79,80
7,8
7,9
7,10
7,11
7,12
7,13
7,14
7,15
7,47
7,22
80,81
80,82
80,118
80,87
80,86
81,82
82,86
83,99
83,139
83,141
83,143
83,111
83,84
83,86
83,94
84,160
84,161
84,99
84,166
84,139
84,140
84,149
84,152
84,157
84,159
85,102
85,86
85,87
85,88
85,90
86,132
86,102
86,109
86,115
86,116
86,117
86,87
86,88
86,93
86,94
87,104
87,141
87,143
87,88
87,90
87,120
87,94
88,102
89,96
89,98
89,99
89,100
89,101
89,102
89,103
89,105
89,107
89,108
89,110
89,90
89,92
89,95
8,38
8,9
8,10
8,11
8,12
8,13
8,14
8,15
8,18
8,25
90,96
90,97
90,98
90,99
90,100
90,101
90,102
90,103
90,104
90,107
90,109
90,92
90,117
90,121
90,124
90,93
90,94
90,95
92,96
92,130
92,99
92,100
92,101
92,102
92,103
92,104
92,105
92,106
92,107
92,108
92,109
92,98
92,117
92,93
92,94
92,95
93,96
93,98
93,99
93,100
93,101
93,102
93,103
93,104
93,106
93,107
93,108
93,109
93,111
93,145
93,94
93,95
94,96
94,99
94,100
94,101
94,102
94,103
94,104
94,105
94,107
94,108
94,109
94,111
94,113
94,114
94,146
94,121
94,95
95,96
95,98
95,99
95,101
95,102
95,103
95,104
95,106
95,108
95,125
96,98
96,99
96,100
96,102
96,103
96,104
96,105
96,107
96,108
96,109
98,102
98,103
98,104
98,105
98,106
98,108
98,109
98,122
